-0.188840   -0.220428   0.008925   -0.077980   -0.041166   0.225356   0.249752   -0.025894   0.215308   -0.159463   -0.135623   -0.217005   -0.171542   -0.098596   -0.268202   0.116126   -0.132508   0.064769   -0.065647   -0.348768   0.026278   -0.048447   -0.376842   -0.114866   -0.431770   -0.175097   -0.158027   0.255357   -0.019538   0.153453   -0.016573   -0.250303   -0.072437   0.002822   0.507351   -0.026328   0.083374   -0.041626   0.308559   0.265419   0.087600   0.294306   0.355236   -0.072580   -0.174986   0.079912   0.077906   0.174755   0.032535   -0.278631
-0.039648   -0.026549   -0.000059   -0.275098   -0.142661   0.255240   0.203078   0.014804   0.100797   0.011043   -0.014747   -0.164997   0.051380   -0.148957   -0.186067   0.304863   -0.059457   0.106296   -0.028058   -0.313777   -0.116819   0.101264   0.163358   -0.044807   -0.321550   -0.003985   -0.204252   0.196404   -0.038752   0.047522   0.136847   -0.022391   -0.239630   0.035498   0.304168   0.078759   0.123545   -0.031328   0.079992   0.292299   0.237583   0.238165   -0.004820   -0.045464   -0.211818   0.087094   -0.103190   0.316236   0.024134   -0.068134
-0.252338   -0.092492   -0.099476   -0.231812   -0.101497   0.345967   0.041895   0.013391   0.234877   -0.120928   -0.048628   -0.382761   -0.011155   -0.142828   -0.221881   0.207260   -0.113253   0.222815   -0.084861   -0.359729   0.046757   0.062869   -0.098031   0.011805   -0.389650   -0.067012   -0.251994   0.179125   -0.087941   0.129860   0.128432   0.025558   -0.182116   -0.014546   0.563246   0.097828   0.087538   -0.047173   0.181361   0.480556   0.312245   0.207253   0.083993   -0.018599   -0.223794   0.196859   0.082734   0.304332   0.000613   -0.212791
-0.196391   -0.029029   -0.056646   -0.561524   -0.338704   0.482093   0.119029   -0.044758   0.093238   -0.244381   -0.004337   -0.484629   0.113931   -0.162547   0.015029   0.292832   -0.037244   0.463756   -0.014977   -0.494440   0.080499   -0.098616   0.086555   -0.035194   -0.504063   -0.136197   -0.352376   0.071504   0.014080   0.134201   0.372545   0.201380   -0.233400   0.140635   0.737200   0.123799   0.066656   0.079452   0.160558   0.491728   0.300768   0.318778   0.082126   0.052406   -0.358879   0.228402   -0.166026   0.276365   -0.143312   -0.196559
-0.247110   -0.083725   -0.035389   0.015768   0.229486   0.278083   -0.024295   -0.126446   0.226598   -0.144712   -0.050847   -0.319151   0.149076   -0.153630   0.050779   0.118204   0.114057   0.309078   -0.018376   -0.322997   0.150830   0.164742   -0.226139   -0.012592   -0.269420   -0.014329   -0.290072   0.092005   -0.055543   0.167032   0.133124   0.124086   -0.010211   0.086564   0.329322   -0.045888   -0.137220   0.019094   0.376013   0.447291   0.188760   0.166589   0.195871   -0.037961   -0.339130   0.212282   0.058985   -0.053576   -0.151490   -0.330647
-0.157600   -0.216299   -0.208842   -0.636938   -0.220654   0.285103   0.556252   0.384834   0.137287   -0.173407   -0.075573   -0.259208   0.145692   -0.390612   -0.070890   0.274894   0.009722   0.200340   -0.031509   -0.149681   0.270358   0.090195   0.016406   0.007411   -0.276151   -0.136623   -0.095558   -0.070456   -0.037193   -0.172611   0.474062   0.108655   -0.205914   -0.110954   0.683931   0.234357   0.036600   0.318421   0.008520   0.385596   0.066188   0.254272   -0.012428   0.364445   -0.267266   0.125387   0.099242   0.335986   0.113985   -0.449968
-0.142382   -0.176022   -0.141316   -0.401743   -0.365642   0.185287   0.407640   0.253499   0.169774   0.054558   0.068963   -0.185643   0.108896   -0.262825   0.111353   0.200132   -0.091143   0.068449   0.019602   -0.332567   0.200934   0.206522   0.079296   -0.237363   -0.350210   -0.240606   -0.232572   -0.001465   -0.039133   0.124536   0.373814   -0.025685   -0.254992   0.017897   0.331442   0.178079   -0.013147   0.344596   -0.025720   0.352303   0.154791   0.228366   0.013468   0.190259   -0.323647   0.150642   -0.047809   0.261992   0.081691   -0.428496
-0.205607   -0.041005   -0.192865   -0.662064   -0.126115   0.291631   0.258801   -0.001721   0.270333   -0.015628   -0.124574   -0.347991   0.179883   -0.339247   -0.161935   0.312809   0.043814   0.196446   -0.174069   -0.436680   0.141665   0.170779   0.129993   0.213241   -0.531936   -0.111202   0.019299   0.077277   -0.066286   -0.230165   0.195137   0.123651   -0.172132   0.047147   0.368603   0.077043   0.055195   0.098934   0.074868   0.205720   0.148102   0.237271   -0.002763   0.020457   -0.474571   0.188069   -0.132772   0.124953   -0.091127   -0.064767
-0.265988   -0.175725   0.115180   -0.304512   -0.147057   0.303463   0.103691   0.182058   0.225701   -0.013922   -0.068168   -0.376142   -0.088379   -0.066366   -0.278937   0.032720   -0.024147   0.091368   -0.077415   -0.364096   -0.148171   0.082383   -0.099924   0.180335   -0.032449   -0.176180   -0.096266   -0.036588   -0.007624   0.108687   0.148630   -0.135459   -0.095680   -0.121082   0.371198   0.199491   0.171363   -0.057867   0.277995   0.157598   0.399295   0.149259   0.293114   0.142144   -0.192478   0.211906   -0.009024   0.197589   -0.211883   -0.212937
-0.146267   -0.388972   -0.148034   -0.543313   0.017053   0.494382   0.727721   0.007970   0.238622   -0.311755   0.034023   -0.386013   0.006230   -0.333282   -0.165570   0.401326   -0.056732   0.405302   -0.055543   -0.537190   0.278162   0.054772   -0.012615   -0.073269   -0.488576   -0.259120   -0.041345   0.096451   -0.203369   -0.009014   0.187115   0.004269   -0.054603   0.194924   0.633688   -0.011564   0.167283   0.277131   -0.040297   0.768124   0.039935   0.462592   0.100605   0.097285   -0.321752   0.302377   -0.023471   0.222869   -0.012698   -0.637068
-0.290415   -0.266552   -0.141190   -0.635731   -0.062460   0.361300   0.299229   0.104777   0.351405   -0.134748   -0.034637   -0.716555   0.077327   -0.220835   -0.097408   0.170622   0.011299   0.423834   -0.173005   -0.497242   0.191394   -0.065326   0.267561   0.183308   -0.414032   -0.219768   -0.184698   0.257706   -0.109000   -0.017576   0.421966   -0.033213   -0.073992   0.124081   0.729744   0.123373   0.269323   0.171961   0.152690   0.862512   0.438932   0.273118   0.057244   0.009059   -0.311762   0.384547   0.024832   0.239164   0.173101   -0.234074
-0.287370   -0.250440   -0.030436   -0.518453   -0.114350   0.476474   0.225946   0.216138   0.188909   -0.206777   -0.045458   -0.589879   0.056506   -0.117863   -0.232226   0.481343   -0.122181   0.280384   -0.253185   -0.547711   0.175278   0.031519   0.090147   -0.089808   -0.556811   0.057624   -0.426260   0.085901   -0.107733   0.042248   0.265920   0.008115   -0.117155   0.061269   0.877481   0.151298   0.276748   0.224332   0.280131   0.768662   0.459967   0.425380   0.124469   -0.014233   -0.445905   0.285566   0.050717   0.528646   -0.013662   -0.305274
-0.052526   -0.222253   0.073511   -0.101215   -0.011328   0.249782   0.111182   0.087013   0.098311   -0.104256   0.058816   -0.161590   -0.177966   -0.057208   -0.169777   0.194703   -0.113687   0.231324   -0.262322   -0.342678   0.066210   -0.087808   -0.228174   0.047058   -0.202453   0.000205   -0.162661   0.191338   0.041046   0.072462   0.140024   -0.042506   -0.000384   -0.045055   0.485640   0.006237   0.170909   0.080797   0.142283   0.424658   0.236538   0.264652   0.228992   0.037562   0.009963   0.179099   -0.063666   0.253176   0.019861   -0.222722
-0.057465   0.006342   -0.014572   -0.506845   -0.157884   0.203578   0.335902   -0.112112   0.203565   -0.105913   -0.120864   -0.202377   -0.013940   -0.324887   -0.200822   0.220161   -0.070696   0.288671   -0.134863   -0.407998   0.175085   -0.154630   -0.042978   -0.031941   -0.439874   -0.274876   -0.118680   0.100163   -0.006262   -0.064801   0.182788   0.018712   -0.036860   0.136173   0.655092   0.013283   0.078811   0.069567   0.017343   0.305288   0.102545   0.177443   0.038713   0.102728   -0.110671   0.251870   0.027017   0.260997   0.021190   -0.126030
-0.134575   -0.481156   -0.215083   -0.588821   -0.019003   0.252354   0.507947   0.286273   0.123466   -0.156212   -0.089648   -0.456668   0.078731   -0.147095   -0.031647   0.195974   -0.100610   0.383475   0.087138   -0.369662   0.159319   -0.088363   0.083247   0.052133   -0.404538   -0.207658   -0.078244   0.135173   -0.216511   0.026474   0.390180   0.039422   -0.227186   0.201342   0.536791   0.053941   0.091299   0.170254   -0.014843   0.719833   0.146203   0.219883   0.115334   0.026168   -0.272256   0.184314   0.237431   0.079037   0.053534   -0.285823
-0.275456   0.099261   -0.106261   -0.047888   -0.271519   0.319849   -0.122926   0.089305   0.026669   -0.015569   -0.077363   -0.098195   -0.120443   -0.105151   -0.114204   0.132045   -0.127268   0.055710   -0.042896   -0.240685   0.054561   -0.027232   -0.185710   0.026953   -0.396395   -0.069589   -0.412165   -0.027222   -0.029008   0.405919   0.065072   0.143283   -0.113380   -0.070003   0.653140   0.259780   0.180299   0.003120   -0.026230   0.216736   -0.042049   0.003387   0.066211   0.193946   -0.366897   0.131767   0.227270   0.242529   0.058179   -0.184383
-0.244894   -0.157208   -0.201181   -0.449285   -0.244654   0.249352   0.314086   0.328387   0.255559   -0.037651   0.045823   -0.292710   -0.116633   -0.245063   -0.418326   0.290689   0.164286   0.484255   -0.330300   -0.390844   0.360298   -0.002316   0.124988   0.251181   -0.227194   -0.078338   -0.079083   -0.032477   -0.208137   -0.032674   0.081275   0.059884   0.060410   0.057816   0.615106   0.084755   0.207701   0.204471   0.185930   0.448367   0.237295   0.302268   0.128533   0.153538   -0.097661   0.218469   0.120915   0.371822   0.189720   -0.329827
-0.108107   -0.220048   -0.190865   -0.471408   -0.022235   0.174172   0.336387   -0.238201   0.325641   -0.057992   0.076222   -0.296496   -0.052020   -0.135464   -0.085706   0.321963   -0.023095   0.038255   -0.170140   -0.336358   0.202022   0.090212   0.240333   -0.090860   -0.008717   -0.123191   -0.164346   0.154398   -0.067372   0.090444   -0.066433   0.005379   0.015085   0.023651   0.549551   0.096271   0.094769   0.100509   0.113388   0.388982   0.111207   0.153890   0.060720   0.078817   -0.175599   0.258177   0.130049   0.443215   -0.051359   -0.268693
-0.024587   -0.081312   0.017619   -0.399074   -0.201377   0.156469   0.322518   -0.015463   0.220919   -0.023389   -0.194304   -0.245820   -0.299253   0.018881   -0.241797   0.442377   0.127999   0.350266   -0.257369   -0.186376   0.105121   -0.177910   0.097898   -0.058823   -0.227062   -0.103949   -0.090255   0.182984   -0.171642   0.018015   0.012844   -0.049016   0.089665   -0.080710   0.658286   0.223459   0.243626   0.367067   0.001529   0.680139   -0.147670   0.384317   0.251240   -0.044547   -0.084106   0.346177   -0.040065   0.643655   0.100243   -0.224572
-0.235553   -0.164430   -0.178471   -0.318208   -0.145698   0.264350   0.337204   0.123627   0.192588   0.023385   0.026946   -0.209608   0.044784   -0.060931   -0.073463   0.292056   -0.011922   0.231329   -0.090413   -0.403194   0.220702   0.026976   0.001930   0.132834   -0.208228   -0.058270   -0.182701   -0.004720   -0.212708   0.219323   0.333219   0.152107   -0.146501   -0.125323   0.681757   0.265368   0.048959   0.140274   0.049459   0.455872   0.133695   0.143390   0.079459   0.180599   -0.281332   0.190336   -0.026684   0.232245   0.023713   -0.267747
-0.264991   -0.049793   -0.126781   -0.620433   -0.313325   0.289340   0.274489   0.202967   0.025084   -0.179244   0.008356   -0.360565   0.022322   -0.182042   -0.256559   0.312085   0.088568   0.158564   -0.052239   -0.289843   0.178667   0.114995   -0.149693   0.276906   -0.458693   -0.349449   -0.209708   0.270574   0.006090   -0.003573   0.230537   0.007874   -0.184254   -0.120313   0.506293   0.242977   0.078515   0.062666   0.344049   0.329753   -0.003996   0.328955   0.170065   0.103928   -0.298403   0.226326   -0.055273   0.240581   -0.027505   -0.189071
-0.368176   -0.009421   0.040699   -0.697541   -0.204430   0.382430   0.266327   -0.121959   0.239403   -0.321834   -0.200112   -0.645298   -0.129528   -0.240554   -0.337282   0.326267   -0.227487   -0.051369   0.011277   -0.361215   -0.127204   0.150944   -0.243921   -0.266084   -0.526345   -0.437572   -0.057835   0.343936   0.056606   0.204169   0.020291   -0.130078   -0.283106   0.002023   0.690691   0.028956   0.186415   0.021463   0.305445   0.574536   0.313537   0.598102   0.268079   0.057358   -0.242336   0.126793   0.061017   0.425422   -0.202792   -0.161026
-0.071001   -0.241322   -0.197105   -0.559040   -0.256518   0.330337   0.363844   0.103413   0.057862   -0.182177   -0.125605   -0.263211   0.116547   -0.201508   -0.144322   0.269409   -0.046482   0.359612   -0.126982   -0.444859   0.136475   0.046296   0.282758   -0.144211   -0.351732   -0.062067   -0.344801   0.141723   -0.049442   0.107946   0.279201   0.051114   -0.235954   0.080757   0.672470   0.002670   0.129639   0.227814   0.032070   0.518675   0.155904   0.384593   0.062600   0.117512   -0.282420   0.152307   -0.069582   0.268169   -0.004618   -0.127269
-0.187630   -0.121557   -0.023564   -0.419366   -0.075230   0.213963   0.133750   0.158046   0.175299   -0.136591   0.035078   -0.292361   0.011052   -0.258651   -0.262519   0.193830   0.141611   0.363668   -0.149902   -0.396711   0.149208   -0.199363   0.038864   0.240462   -0.195696   -0.089725   -0.170975   0.056292   -0.108656   0.065660   0.264783   0.188989   -0.134139   -0.044593   0.644435   0.114162   0.135418   0.045432   0.075437   0.445068   0.187827   0.258352   -0.003826   0.152722   -0.282455   0.113411   0.074705   0.217773   -0.073709   -0.237703
-0.480048   -0.110421   -0.213789   -0.384957   -0.269191   0.414184   0.056678   0.010149   0.489827   -0.063856   0.056171   -0.419908   -0.254573   -0.394616   -0.221390   0.254635   0.047327   0.200307   -0.365774   -0.500551   0.279144   0.065727   0.208532   -0.023702   -0.429631   -0.152206   -0.288404   0.099428   -0.107300   0.106415   0.124998   -0.003650   -0.105897   -0.018401   0.900844   0.165964   0.226332   -0.061696   0.113239   0.798369   0.376566   0.258900   0.140282   -0.052247   -0.461332   0.376171   0.303024   0.243772   0.156878   -0.499103
